429.08531748595414
512.5423884549789
554.04599853581
514.3077387601869
555.2800108428569
456.27218924642807
522.587140656446
447.61560650346263
514.7299488722506
589.3354486813438
528.2574551340333
540.500398061872
568.9680493184985
494.56974381316473
496.99224247155865
572.8889151055928
546.1656171591263
596.7063877711188
519.2518975810672
537.3524748349987
566.1828404874342
518.8157788066402
515.5472010728514
574.7504327176222
646.4115801323342
494.3139994418482
529.9842573406871
505.5673877541922
502.0808794421775
518.5377699291008
398.06040176895345
572.8258382715711
437.0896014723202
303.1805703985527
562.6159568721848
587.0915181685499
506.57093502349574
457.7856142158614
474.116613777281
569.1329490015403
468.39293879463077
527.4411422519813
563.4930570560177
535.3058383342121
498.1254565444904
413.179234073793
501.36700765710407
460.00687384060745
528.4638755149907
574.5214158917686
485.2656504557747
461.35774692467567
507.95374797341094
556.6191493308183
605.1268228159812
584.9120917617023
443.63634873127694
508.621733612382
471.677015820345
437.08980994309144
568.3503766320329
553.8891038928605
555.4881617547134
510.33092746287883
401.86562557099074
517.4480040752693
568.9633838222675
552.8219806674415
520.0116781595963
515.7641680679045
495.51688870774035
533.3303256032942
550.0840205988958
521.1548186689377
445.9708347051088
539.2156625109903
490.28868076668584
511.1081623619663
441.6892624355167
531.4244343231798
534.1991839364856
592.3050981517117
580.7149380348262
488.26355303783413
564.778757943365
527.4752849227228
474.7659166939476
504.48352355528084
531.1181519483996
531.2688018404243
522.71303211138
514.9953536728995
530.1947092953525
505.42248077799513
471.30392069945
601.2925943064514
566.5371666008919
555.5128417102788
478.84601843601047
419.878041048896
557.9461838069307
575.1251237182249
535.834511428049
486.91301349952425
543.3350643143813
453.01114983295037
437.5884442785199
627.5386852437758
530.7631219976296
487.15354229290676
521.1940787928504
488.0127792640415
520.6509653777597
437.0106817470823
487.1390235894176
569.6252722922316
594.1021045600949
464.6275912323015
471.29923977353513
481.6234392281992
442.70364856890006
553.8392435260721
496.8550727517226
576.8407597939513
483.9896467266101
488.234069647279
517.4813218004823
606.3744920688418
571.6015584420879
499.48576813491695
528.1439718103844
434.5268413726286
483.441061271883
484.3553854025643
532.2477708691217
534.0013920878167
602.7851526966905
531.5397567706061
556.2223458076994
557.5144425533643
586.6316768610081
529.2855034075287
522.2197210942903
590.8163079881338
506.465422225557
481.20338629442244
545.5234450320279
510.20063886825704
516.9292633568417
581.0868728300769
525.6156535216104
482.31875779893267
387.96325262269295
461.88650516508966
371.7213927254968
480.85724467886445
525.0819520632307
624.3383811530084
571.9024967034572
483.7874455871672
471.7061855029183
544.0269578783578
544.0365085451564
444.3864939573495
521.7220450308007
542.2243137434551
572.7300176877062
403.20144578630504
658.3814942725303
554.6015761893947
415.6684524007062
501.5969201961114
521.6433474072821
520.8523142477975
488.43500848448497
507.028186963025
516.56566008976
508.70469812865474
464.2477160455796
481.15344312691064
506.4062676469456
475.26068197180615
481.5711798093835
590.577666145981
584.7520405899344
463.37167690978697
545.4986405304821
413.22792248074967
611.0162231089402
470.3275661491292
464.6974744848715
466.3219074727174
584.5472431013351
440.948221761208
420.4722461895258
532.8462529900278
495.2173324755416
540.8010402128159
461.32652685244966
492.23039697022085
563.5619261638356
440.5019499270957
504.7549795289526
537.1240184875841
494.78864494670586
567.520333407117
555.1076758846184
488.08605883823617
515.0557369370754
514.2151174602322
333.70642429862204
457.136890964639
566.2934805953108
529.5148080243722
522.250870441578
529.7191610917931
607.0627481560116
508.07594455943735
521.4409665881631
544.0376366689112
528.1348239499146
524.3631578450254
504.75445167916786
516.4281340411037
588.3549166033009
588.3750241948694
479.73236426516627
531.4293396447346
536.8745003260844
588.0981086652216
433.4719070102859
593.1051342131003
532.4435688503272
471.83144485607085
475.2792011218549
459.2661504669279
572.3097267191239
464.849286836367
499.4321513991833
590.4247716426107
457.2266238437758
522.8055858454884
437.2077093065053
492.690919861671
507.86837214633834
546.2641294139701
459.3087864904823
615.6774894924882
403.22132844723706
554.1881176222151
538.8084911576822
489.081900816757
497.0424793985331
529.6907179603692
591.641731928792
570.3695193619304
470.5589411147991
611.3665247481156
569.3034684839303
543.9594839321666
561.9858487602933
545.3180404341334
604.562393568591
524.1996691018128
572.2708407308036
550.1797557615902
522.8356932557481
523.7403287047381
390.9502738988906
549.5628132561154
500.9513814142996
455.88345466020616
550.6587347597032
545.3724951180503
481.13800630767594
490.4966309739206
506.25860904940083
492.07375674696647
468.1857121131842
466.7715715645633
457.4484621809664
575.2837444898008
431.2242973964277
586.4657006143252
466.67605792563825
413.76217917787733
488.10414336484286
509.0137325156485
559.1442405065395
630.986548042828
608.5954422170881
554.6563871622499
502.32388102279316
589.0864861649092
475.35992400226934
426.00550133491333
506.71528235707734
537.5805595363174
460.16561681729763
414.70096277124424
463.480498690922
524.0394429621523
596.3640536709028
568.457007655123
498.59086323760437
492.14628407130675
561.0562255353717
537.2643945166457
523.202566018413
521.4266527513294
451.0745012392559
558.0247542334763
513.9308034517198
508.2599603213176
544.8423458587096
462.65665456564
484.68501387636917
468.74998862692746
500.6390661084374
450.6351548489381
549.9683723794715
522.1304224356151
614.5770344366738
410.5455947027099
565.7251681028508
507.66584023781166
463.5929782597102
485.15897319240815
552.48791029314
511.1366173149005
567.3306539533496
455.27738018999685
496.77314376210006
520.0678268206356
404.135443677444
504.88534633265687
471.32791300101394
515.1077209953224
478.75843119685544
600.4897725391968
497.27261126061563
570.804353980082
527.4347506324225
582.3875270254332
557.5308759948407
495.56926888794845
487.81721182215546
382.82577593707055
538.7668175078252
548.3241849279932
528.8512494207325
524.0769659993325
531.3777299979675
539.5021195590302
578.1141095750305
517.0885843967693
578.7171642882194
466.51486960495225
531.1143172169392
478.2436974939699
473.00169587432475
443.9956574925818
585.8296104754039
529.4848852951274
527.7612786623673
506.43280120143635
510.12335501267023
501.9327682790196
604.0591251944153
556.7644035284321
543.5820466345209
524.4110317975181
548.678629853123
475.20857806815104
508.1953846000395
481.697674072332
545.9366801174192
530.9913519539575
472.42655497547094
482.96875616412973
546.6401609548884
498.4193807866305
381.26134281518404
534.0856241085288
588.9477261438352
542.4991196350014
496.87411533571174
574.8528603717882
589.9933074144107
492.3842361321457
510.88424823183027
570.2727376393563
548.0531649114736
511.0060565565607
498.9871278769206
496.4685301850065
449.0309078513454
545.2407004941872
450.7213764823772
523.2216122161909
481.40531332320825
485.6351229967557
491.43144942199416
469.7213689608425
539.1659154505599
460.8051275603189
523.9586854077927
575.643968784663
598.9821406312548
494.9835912561146
511.8367331692696
593.860762941444
623.6853072188337
460.96224975761385
575.0684405896837
533.9276116744405
554.154543503269
466.5577054526425
553.326090518072
504.1460665827046
506.5347346515523
530.7333587571168
569.0933381924413
578.9449781694848
539.5220643089732
601.0502244871368
592.4968192572186
587.1217077487689
523.0538854816267
457.0317582277476
465.8020787733988
527.9783188226061
553.2416565308267
482.9173148847973
419.2576570931632
615.5669071178747
510.0362794386133
466.069692927801
473.207611469217
510.436823006013
577.8722677680204
571.4748129347466
520.4030983460219
607.5029151748287
488.97727000620625
504.23240943826096
538.9785891426213
646.757018958156
563.283764852469
496.58470035002443
509.2233114343592
594.6736898936015
550.7252368446693
574.1934953651675
531.3811384038669
575.0066624937707
535.1870378595436
457.8132071428916
489.13906485847167
386.81670188158205
523.6254603996732
476.5984189412138
571.8849093107942
633.4264811456416
592.5832608655613
464.38281379672344
506.54144710506927
472.9382789768279
502.5499847703668
493.1790417234409
453.71295149875715
537.3220471706347
573.9954667747933
483.06066152683394
404.04001180603996
477.20187365148854
488.7279350775386
546.2441997277465
576.3420543481249
524.95557743354
492.8352221149683
558.108570908544
569.8597657268232
485.2321816021547
454.1983450034408
612.853553186289
441.4930355320953
590.084439440215
456.07252725852675
464.65181307506646
479.09165160775683
564.4490581373234
581.8089068490278
451.69222456862667
536.7049111499947
483.4586509878082
463.4294939754549
539.7104244445554
463.50297152517334
572.7715097873692
461.4139594812713
540.9882145860272
467.8586928239443
474.1768978218182
535.0278962345975
506.62740964617836
483.4522567476122
548.0526333083119
503.6309636486085
487.5490791180602
425.7315535664601
482.34594321459383
480.3412731894112
561.359877985201
542.6754802478214
491.187199772474
558.341886206284
456.8760883545059
494.41102594894386
582.4877648799917
479.3209016628236
585.8046194778562
545.1503257653303
538.4069904341851
465.1708426842278
490.5235932186061
527.6563512057803
560.0315138131265
483.4747289628987
522.7045859973553
569.7451821788732
583.7793808095448
528.3599538507765
531.0224295838084
571.4211422899122
537.8097275728065
504.20169629706106
515.0514895714593
391.9187902277901
494.9330002298296
450.08191915924726
458.54995342201204
485.31331170962557
566.086852288421
423.89951981391533
475.6786288690573
547.071636905208
494.5674731723051
573.0438561905224
543.877732420999
459.39815466547697
512.2120638103272
454.4185028011015
577.0033764964885
448.06349770768645
574.4259466840366
529.9488114898479
493.9980539681398
505.5987366833594
456.61207179435706
544.2291115322291
480.77715753249737
429.1010337507368
568.8063781051025
549.4982775917973
459.51077202112293
552.5986919887146
597.3704127842367
483.8314927255641
488.93991731094974
470.5702085534079
504.58746033976735
466.04509108204815
429.45394866680226
450.02958522191165
494.36406788987676
466.7846518433505
538.0648042138218
474.94323490542007
543.1061161250504
428.0053408705718
418.64195442643506
548.058789247049
454.7207214602227
537.2226298799086
481.6607736716847
450.0979571024521
567.0025530375564
493.73246652119576
486.7663725006125
635.5396252852917
570.7487177843769
550.4942356939664
502.4090604698318
453.25526875286323
502.8058686285564
489.9820782970875
512.846658917419
559.4074058351264
528.6807124834413
482.1023819387713
544.7023639586623
498.4555676396957
453.78519442082205
563.6333452277693
531.1447441356753
522.4960261517747
454.7185956783469
501.8180133667318
630.7644217261866
528.4552936611607
461.7686215012407
388.5996905239545
490.0916063123193
517.2033313529456
537.0879187968166
540.2843284485606
506.37521289804874
425.22650776906096
552.4324576708752
540.9949535885772
527.7208623873622
507.71909579941627
515.984933863023
526.0645481006079
413.94217896055574
483.20331318502514
550.7875135009336
556.747425694125
466.09625575421603
524.9332394066196
493.22938951881963
465.40153710968957
532.8061541929486
559.1926078275276
416.3334169904906
453.2011979702377
576.9884081193959
478.08405683487234
573.2718546332422
544.7000723633587
531.6537206551442
576.3100531202214
583.463780339999
466.0433424746104
512.080884592668
473.445791828589
427.7632905495127
571.3418048875118
433.241808750366
650.4287394174112
585.2545235013977
494.86537572936766
451.49137881014076
518.5121984834133
537.6514052261614
439.42373967961265
519.8091266952621
635.2196709266283
483.02800351910736
555.168403855818
538.2927795777304
545.9425531111684
450.2910112208369
609.4131627262775
631.4023429444798
513.038243407574
525.5358687816125
606.2650105239974
502.7239726351904
445.61546941253954
463.00684001894217
555.4789786261019
543.5690912886637
503.64972289042754
443.36204991661185
574.0882227332245
508.60186201366264
560.1422457610688
406.1748434358962
515.6915203074948
544.2333545463594
511.8136812742779
554.890894155275
585.977925043665
548.6472868695623
481.0554963328122
497.75598364606105
538.6049428897755
488.74692308909715
542.1948646170356
491.34101407640117
509.53104224747636
496.6307685857857
525.183530816009
538.6607096723039
490.515903587208
544.1167291597633
470.9620847986346
603.57433979318
535.6504308744296
562.7799676512316
557.8585467897998
557.8727069073509
470.2278232142069
534.5404444932524
472.08118471092763
626.2630971529925
465.04057354816047
614.3650618134668
517.8339687741766
528.0774119979029
560.401480526498
571.5658581714325
450.68005709446146
507.3014173891303
690.5149096817416
496.59818322015144
455.7747971087817
502.8583701871762
547.2634280795809
579.5531656808236
478.91181225405285
560.4116371890796
570.090436640619
512.6404935768994
460.76216582231507
571.3154892289886
483.52715920442955
500.06171001109686
496.6293007349589
482.0689899023763
514.427453292117
565.3898808746541
530.7873164191585
450.4619631828121
497.0291046752987
574.9456829958069
503.75703650041726
510.7236414027969
417.66628040448126
492.61908866899785
470.3400549045001
437.13062299197173
495.7597277759798
592.2661703552523
439.5290240876577
497.3625214080419
453.9726145854386
530.9004265290383
473.625290043172
482.82441970550536
509.4879858743289
540.7084566273369
463.5419652021067
601.9061140563836
403.54025729822433
509.4231880288653
542.677361180898
496.7516042198616
492.37529636243966
504.36918371397127
545.8252741985985
461.54591888040653
500.0453292719639
549.6762843386805
521.3867879306982
435.9676208249002
507.62508787586756
518.4715677566719
592.666933084469
441.3271067689739
566.8658414286391
498.12157822836815
468.46425304805604
517.3981597808847
565.0448179735467
554.9811949702744
520.7810569983798
555.8759579932312
544.7782811353977
629.6187508234135
466.5972993514661
557.7045426996965
589.1637895849987
482.77174671148
468.1971613389235
590.1147840007588
488.1304807129591
542.720037817638
477.2950230212863
617.6496819903716
487.8215406891391
436.5558229383518
581.8769831188582
611.2169726180382
571.4129877025715
442.41484445602515
501.1778264208153
475.30868605435444
465.8374680906877
412.3853207439524
523.3173057663589
508.9953017638447
466.0431201989905
522.051080697739
578.6669278728397
493.7663483092307
532.5769415075472
461.33104278826295
541.8781092050436
499.68241053829564
548.9567750975982
507.98346429417023
515.2017615995148
573.4507427699833
512.1338892560034
570.319911755671
572.9960190556608
445.03670503903044
576.4237533941248
498.1197499780339
578.1254404442103
477.8106495578654
509.36402038870335
554.7012646999841
548.2564416623258
475.7797643674602
509.7090188542622
507.4097597747065
425.36623952275846
502.0087083756014
520.3459232754232
495.0827619142273
468.9335341828055
561.3074727269726
580.5736484556201
482.42064967047685
502.9927573250625
498.0313435720172
607.3523316710654
627.6787521221033
504.23105451822744
568.1766779377746
502.8627734587076
567.4088330813929
456.8371274944269
523.7367031810065
559.5700525402182
518.0558000791548
475.3964167094941
569.4750295589811
508.105864820233
572.0334210413432
476.15935556689493
631.268476519348
569.9208836327139
520.2170794281426
515.9472027534044
424.6605805193172
430.37591388905804
566.8261864937941
545.186522962936
553.8141546748527
429.4302073869009
521.0178150966684
518.3071683375742
472.55666766617026
482.04178976050764
504.182082932494
517.5532743551659
572.7435837156214
518.0413921855609
442.0871511688986
621.396382962964
485.7183708884764
459.64121154262943
401.46806018146924
477.87150605334114
598.8281044095548
533.0572971958927
479.71013866933885
481.6506268492985
521.4296207255909
539.0429095933342
452.64744499938877
504.36521407154135
501.4714155012898
666.1043638306228
473.47053057426274
599.3135607870919
419.566166402362
517.6530091148235
418.11646602385787
479.06767175835193
512.7888846825099
428.8965073454195
576.9881043048224
616.5111527619063
467.0454991744201
475.0195333883654
570.0849472771963
540.1248358106652
517.1373952459777
579.3983285292992
468.5795950833647
485.0122934944585
522.6957462709472
583.6323623581236
525.5333736376957
602.3212186373424
549.5439132427775
489.94813077136075
568.2772768751528
478.89670578865855
503.42949367964786
437.47973097309455
507.9936203532131
472.40681226399727
415.9478436816945
504.3860868447186
506.4865753153665
480.39755273112763
444.3577129118171
514.510975509265
560.3251785950973
587.7081728398715
436.0157277716307
542.295794089715
554.4563176871106
601.1096886317329
478.15495759743794
586.0938412162608
613.0147650566778
519.2049622903025
567.393924773759
540.3682464377209
466.1153614792983
491.34451267123416
435.0443220816876
495.5146374359558
528.8892237234778
520.9450429749464
547.3604864427529
565.4361246646281
466.90236252149487
494.6823009456354
486.6065518530934
467.51145332759415
554.259089749612
523.8869610238497
502.2624649181178
587.8384667755391
539.5336239438122
592.0831372341055
547.6888606317408
574.241463526497
522.5687358910706
507.58726433196665
491.8760309386316
470.63682426216644
532.2312914092807
386.9976121363874
461.40030640441427
519.1810057150703
433.71642366156664
535.4240194915278
468.08411251544976
472.57912206324954
529.3499861123346
501.25329217431425
562.0247107500339
552.9467313207487
535.4577235397131
533.3541295683092
621.5411956182847
552.4972378355611
471.18268003248926
497.03871765524354
476.4942151296741
441.9124958947461
415.98319321932286
469.11296568486097
544.8923002045592
561.338832282811
560.0327867267858
566.1527621716153
607.2624243727108
449.18457619495047
532.227333519377
499.6239384003414
465.91522915341386
552.3784371818358
499.81556965399983
478.346244895361
475.25470950075623
440.3129616777625
492.54958696289157
463.50562064943904
457.9931924508953
