311.72786034888975
352.5969147261106
420.70768120786505
361.12397567659474
426.6261559816895
345.7056455998233
420.89880711463684
312.34992795912143
388.08705560652476
452.8687660162192
386.6793170616448
407.697448965172
400.2944517430124
348.18263001015947
401.8524865718622
383.339050843926
404.88536587310284
437.5242197409508
370.36705507708876
368.1422977087399
395.656501308611
386.19613017097873
402.08603568500223
446.0775082886064
456.69736800546025
309.0187707568354
378.06143561305464
366.78893548231156
352.84159068796106
382.4017071079416
294.4461680085421
414.77696001787217
312.7775201369901
210.64203304459792
422.0268560372133
465.4490240000936
358.1624617417306
337.5702610184502
358.27212676258057
432.71034968123655
367.65886551562005
396.23436824030614
435.8037608042282
401.99697077596795
336.03849543524603
331.12388618741903
360.30824548515255
375.43101151780917
407.9652479481033
393.8619070290272
341.07106092685893
334.2511169302867
373.28352548124434
407.73079845142445
440.8508245532394
444.04309185917737
318.02825868980887
368.3285638033024
361.3660835511743
335.03954548805865
400.0687261898571
423.20776710913856
411.27107687789714
370.9067310638871
309.87902140238697
375.09895705717463
388.50547382557716
400.9882419082295
388.03339966549476
352.04676379510823
373.34006999102445
374.5934165833402
422.163542799869
366.190601149193
359.4290225478092
414.42866371117543
372.9476601852243
393.30489821791554
313.68522251273475
409.12158042007127
389.4535194546543
424.7400070614044
421.2880466950565
343.6003748802091
420.01692114561956
368.72781666517864
342.06765738230314
365.250514261165
403.2637617075139
387.1780776580207
381.4039289652814
390.24055455330785
391.02602289283607
371.971525836906
351.46316455096564
409.75070638781324
406.6726508454719
439.8192744393813
337.5395064439097
303.63276396015453
408.29202328816166
437.9997584893581
397.88105925841836
349.98135701842057
410.59173308596223
345.8029272586746
334.2311408396771
476.19924732354764
385.4585042808037
363.7141856993682
376.02300822379226
372.5602097244276
344.34866030909643
311.9476887604668
368.196557199692
368.93383260736834
419.87837961405114
362.78320782677304
314.65009765490356
365.93929213840306
316.36379012638815
403.7427308077885
338.81648148624686
407.32459947114626
365.9197410034111
367.3910922982702
366.29605508576174
456.5581886875121
415.6485634021636
371.22800209924634
389.5236657207788
298.91799573879354
337.86580353242164
373.72224239010455
386.1701157575225
402.7749046241584
429.87025481371745
396.15660100931706
386.3067344002162
371.9058687821613
407.1439280372946
406.1623327975171
371.2163595859533
404.9151081779494
369.1532237099667
349.0816553851524
389.0864446274566
375.3250140333574
395.2963503637655
389.39526912219964
356.95538589829835
354.1922030562354
267.74034576214325
349.3418422270483
279.97202507678423
326.7095474696328
327.99254283420487
454.90215746964014
442.4236661205588
354.0825761543279
359.8820933562208
423.96345043648654
415.1849590593216
333.84788522731566
384.2520891657073
420.8807528540424
420.55781587971677
293.93473639333325
495.41412277077245
374.52903510135496
287.8005747604383
394.70995184802496
361.70753927246716
356.3990896996387
363.4088745004877
372.026272756187
375.91983965900465
406.9161602970928
325.6431559364691
351.3322404547301
362.13763882966146
336.7067836750109
380.79948889526065
442.15695211567464
410.8013798574203
342.5867759646195
389.78894461807033
293.47304152714554
463.7394060200131
374.24148768260926
351.79976716615954
358.136045667566
405.16841419777995
314.1043342847679
313.1660926359169
364.93253910251497
373.89448177270503
399.91157979074774
311.0721248886455
370.2090901795762
435.59812746327566
302.35962410697164
376.0923532862189
384.03221169363945
368.60005255868157
414.75300155663604
417.2652209290633
364.44312329429
367.34122742724816
367.9020163668194
259.5187753107504
359.6387804995161
390.1366970239308
381.59557830160554
372.3630564363575
389.5016463842632
438.5212944479415
404.86764021191044
401.74226776748725
367.90037513457503
399.868157726906
360.3834223928209
390.31418305541575
359.5945900566215
419.63914866076703
434.71820144321606
342.9503936155089
389.9619640271784
377.9843584055145
453.95431972998057
318.72288747175986
435.7208665754796
381.850640263461
331.6379434212657
344.30903425660705
319.59782096921805
421.11995486516645
327.91747816564487
334.29660624084994
416.96074940577614
343.1299391287457
368.5884633413173
307.88623932898935
357.6691712135963
374.41675152093063
390.3820813627952
340.42442283459286
449.3655812032352
280.7203034466081
432.9910882803637
398.1944230838914
373.7319348371288
366.7451558769078
398.12952276074503
413.05195963270046
386.70687705703614
349.63595739839684
441.6992092661407
410.62451820009454
352.73860530586916
425.6704170323477
385.6156069137199
451.706927121833
378.00215748096645
426.4246931354036
420.8411010359715
405.5864724045981
379.13689839566194
277.78873758828917
407.70749683603924
392.0459940249719
354.87599688174816
372.95036204174704
393.40227305640394
376.38434403243224
366.1730523175392
385.52300929639875
356.360456857372
349.04194144732344
353.5899177653226
335.2583630417545
409.2515473073075
345.68540797091407
410.71947848594124
357.7785305770003
291.6167573864572
368.9659181683161
344.28703045003095
434.5450574416387
486.35135443894274
440.828534854595
392.9979874352648
383.82768909631557
444.0001014570636
347.64842197388367
334.5921494607277
397.57551299272603
378.79047521144275
359.71216334621704
331.61944514558235
355.9669303077394
390.01760215321576
456.7589173912027
441.98298326253706
374.75672872139086
384.0157210155918
401.89200215000915
383.84603066079103
388.16976700553084
400.7944494402521
331.019956302642
419.88659636386814
366.298530699302
367.1010646775931
390.6772903360202
332.3679952893478
344.2642956774381
335.2632549727022
367.15255736863907
374.15549523092704
422.0165378042172
354.1441657767319
431.3330526414346
303.3455313756372
410.8801971240926
365.7037834292586
339.46560225111654
360.50270362281015
414.51621303929414
368.42788341376206
412.2655139658422
360.1140393560589
388.11721333725336
379.21415102092794
297.12790761234174
371.9769606098304
375.063080426219
388.8942086829626
364.3705614166644
419.33563999372996
367.9251312699772
425.27720355217764
392.217887513465
447.01652643443316
394.8036033835142
369.76900945966395
371.7794113083027
292.61463929734964
420.7286688622623
385.3946123448664
382.88381537371765
381.88440764626773
389.9143873515628
384.92455566510847
400.8924677123709
386.70261373568565
412.2581220675855
369.12134956796837
415.8037071449816
340.88282923608796
374.59411295994624
331.3182440863761
434.7631997959187
377.109736212753
388.38460607108505
364.86259296083836
391.25204033826367
376.73142829794034
419.1304849043239
405.178418302454
392.6634566551837
371.21605110488196
406.8532862781002
358.7529185130294
368.25052409246547
356.49554580102335
413.608468309169
389.65550537753944
317.17553335881263
352.2555719498324
377.75012773980166
363.3357726045107
286.4430148619493
404.2407533790842
409.31274762236404
382.0395355061931
371.9299430120375
401.55243966952463
449.2066922743214
373.75904622903994
387.80593370025406
415.0186701142282
390.53667908705796
367.7234827703234
381.8162940374541
359.52180405373235
347.8212793774863
391.49716596245383
317.8790907971262
401.75714297887197
340.2126879921762
346.76565856328375
387.14588374044956
349.5018761360482
400.4609122233469
314.18492761179584
383.398896877666
458.11733355408415
434.4825384935359
354.644197357476
394.75040839932535
474.84740314870714
456.4996831699149
355.8461892634356
421.7427364996627
359.215212340748
415.99528589067154
337.2405512257295
411.1975260254868
360.7388377649733
359.77650565040034
351.04734477315685
398.9829017610137
405.44764745163354
376.89467443374804
434.6419328513903
430.1931374332547
445.1915644169841
391.88290530627836
318.73291063590517
352.410212734382
368.31185535314836
424.5199104054175
368.5705414381619
316.92820636569604
438.3601826199578
389.65564514699514
344.7708971285041
358.9216915425391
396.75882947476936
425.45110781488495
413.18865945462346
409.30486123671494
460.23796903113106
350.32997486545594
384.08214644938937
352.3144410091956
500.2767257806899
398.7047841921331
357.09244220292396
406.3938319586409
452.3404858284475
423.5589961037318
380.053830849777
376.67171956298375
440.2071322081371
374.98959204651993
356.1901527170072
374.91105502466525
305.41827781351236
403.77420787746973
340.0529660937793
395.62437198147006
476.5321125176156
411.47108802779144
334.3032399956958
362.6265110900033
344.1779456841939
345.5759134264457
325.03014898708585
298.3530147744124
417.4581624269458
426.09204218391034
360.62901920949406
279.5201056016159
353.2836712405393
377.4536209577675
414.435687479275
425.0095637511264
381.48223656757506
393.6215307427037
407.8816855790023
434.68114065437226
348.0847737435461
336.99509241374614
466.6295327054041
321.94799777615015
441.1268985232608
318.21441960432657
318.14660247617644
368.5898440941216
421.4910554762307
440.5017930450878
313.7448267735528
391.94107869494184
386.42085510189474
327.5669610775972
409.8849810684995
328.53303343692147
399.0425275519751
318.39819667312844
397.3048459123286
351.2372208727507
350.61888609525374
395.73733993809265
351.504612900676
371.9279445911842
413.0893726688087
378.8041412052643
356.0888498626806
291.4001080240899
344.401445514654
342.4288096552943
394.32607221445755
387.8373331202377
390.2792869283687
383.4419818712296
344.6969403799473
359.46096516272274
427.52520359273217
394.5921276087249
402.0273981629191
429.29039793204515
380.4897484870393
370.33693193577085
368.3850264279469
387.3042799467368
427.3525932563491
348.372447519527
393.2862644082146
404.82570866930917
448.7933597575075
357.56800424624055
413.61692365532946
396.96279370017703
409.9731706536701
394.542289915097
406.9245171693186
314.10059933431415
378.09021400279164
349.60021312488027
327.0816642328759
369.3261425274211
396.933507057874
311.6480682255596
364.48652735752
419.29470448497676
373.36064257249274
432.3509304083142
372.4645449440519
335.6687085158836
381.32290644719774
319.86331799156915
402.6767317585508
317.8853906582724
419.896428580348
374.97629559466833
360.8377066542338
358.8289185074921
340.06051117371214
387.93792442097185
364.94634592465155
327.1992689353037
458.711201617779
411.3938237550708
335.6387936169365
410.72935764519286
444.0621813314218
362.16316193230386
362.378308773023
357.1650076100813
348.6282210349748
324.96435569241726
299.0776241046002
352.8091101724152
377.1434319460661
346.38435231128483
391.7557083955268
369.5185627134703
409.10604553921024
314.53578918213816
328.5559835109486
420.44768390182185
323.28651338040055
398.8692864882758
347.09828939644626
331.1605033141271
419.3951750757265
387.0438901567677
387.1680400227954
473.0070357842107
425.9269222197187
399.12958803995224
398.3724812524663
333.87748035069
376.61425596314683
356.6004103057968
397.15643722191635
410.97904589502235
378.1997929030679
361.8895928709358
363.6320916154579
358.90982913942065
325.2326103378921
434.66355299786966
384.1191941789658
401.9730638458948
329.4675507239138
361.70212038243534
458.0443371911052
404.0225181981203
345.30709617361657
283.34482404711827
355.4873484807602
374.5610218354148
403.9661484001598
406.7652279915091
367.2184851384657
299.0900526446047
424.2354866222337
407.85020427388304
357.54243561263905
386.50266505850254
403.099143289778
401.20893258440293
310.1407485319204
342.3390413105906
409.89513588417753
374.14096485479024
332.7835503522784
368.84047190529185
352.9529749437061
376.6349224301586
389.21189900840375
412.16435264573715
317.2993976857252
338.2004620815506
418.1931238736342
366.7623468140464
424.50557697715
394.60898782874244
369.87690759694067
444.62631026684863
415.47029699121794
342.08728899061805
389.45860868642455
357.23070313672156
290.7019737112462
426.96089006279703
284.0057027409679
477.00358101005685
432.0221446469947
370.30766682361127
341.51943145789454
378.75473129087936
402.4051258227189
343.6670632641189
365.6093493965896
472.9814798569234
380.12186716184624
417.8057288264853
387.0183652893594
401.0528496331973
342.56649033407905
437.348004693834
443.22471240123485
369.09981413024997
370.5970058326521
470.6284808364373
360.1456177233001
300.30806685975426
332.8224299088115
416.7865560744219
371.18020059246095
393.36330808520347
343.8533706542025
416.29700614399206
381.3641066708291
421.52421648548994
317.8588796397048
403.1365012651916
430.18165692546705
373.5185404089028
420.8182522595045
437.5354867120701
380.93001980166383
329.426419679104
362.3960693765793
356.9011962920741
377.96164939850314
394.6073035362112
344.12355454170904
391.45830970083
368.2353026340201
386.2871285574828
385.78325225784886
357.8169922369791
411.77526801175947
337.2841928264435
438.3925508963954
397.09336413733536
393.9163634678486
410.16383454474123
421.4166935374338
340.4219574566946
413.1181005862423
349.4383777428964
469.26975266295284
366.78454156828786
458.4702669595393
341.9862529688886
394.7598855449154
384.186044568381
433.70878749337305
336.41653757632105
352.9196603998176
519.7293631901017
352.5906681608932
344.04430878988734
366.94938446424044
374.77454226792275
440.36410848381814
351.972427974846
385.6036407423692
433.85253967260246
381.17155942163834
329.65190698886903
432.113537988097
338.33427439358303
381.24820708516955
349.7036933473177
350.94246791502246
393.7230330155718
422.28294438688954
378.55153650338417
349.4923665187665
366.60526818194586
454.4650683808038
377.28285021331084
349.762488286515
307.98759406743204
381.53380973194396
325.38358146832456
318.6580937404711
333.6851896984545
457.5892376078677
322.4717460452083
376.6635518736575
302.6598319559551
376.38935702631755
344.7497937054668
357.7405895229484
364.5249152502861
388.30883408437063
346.8599380024639
433.1651894909404
288.6742457444044
373.32536349125536
409.8956624903084
379.79326881866047
380.7538044015939
371.7139254358459
383.6525459679786
352.53297443558887
359.23154842530687
412.1442332561402
406.3920834286326
317.82171084719073
390.9225197284425
386.4658301596881
435.5421713264314
338.1016440175467
399.311464102976
366.47746595650636
315.8532800719084
377.6955488262299
434.6746678461724
419.71809087286186
384.8218057027815
420.11789081215284
372.76153103649204
483.13401792814005
336.5745540049965
379.72331102952927
465.212430312902
370.04289759069843
326.7887395725726
422.5024074919348
364.12507472138043
402.48512477660717
347.6592890490604
442.43849403621863
381.532214736565
348.34527753738945
440.73296360680956
468.2832707865252
433.06967577452184
314.48896500268285
371.54440414561395
322.6970780555782
352.03751959861097
289.91184321328444
392.57885201536925
369.3061431419022
308.9392539369785
374.4969085978394
410.4437348800877
335.4534836725137
383.34295168237
351.79024307779775
428.33659775447074
373.54793964326734
396.2181352180732
399.05845597562165
373.4574615097371
420.7760044708622
383.9380949658711
417.91632034940864
429.9063996890829
322.74171533718703
432.19702306045355
366.11686358455535
447.678791881291
322.5065585223539
395.29765770231023
397.7740576221955
390.94147790210747
328.525609066973
382.7036147793958
393.0871847017381
315.56626914198233
352.695087238765
356.05351960323344
409.1514624943735
346.9368242623386
410.1938055632425
450.09916083825976
371.85964709376856
389.58640032326895
360.08820671348565
437.61130493564985
470.60506486422474
373.35457530748613
449.5595127347619
374.84559950618114
390.94596887825315
314.5111216379819
372.6756956489709
408.3482300217573
380.42777979292987
376.1511810500611
425.4571479024974
379.70299822159467
385.30323100417195
371.94888742052876
429.86124674289147
412.9611737240052
368.8068382917369
394.8024227551578
331.205578610621
323.4268662676417
424.12657621526296
394.67743815488103
405.52867208743623
309.888261010493
375.4857743199829
367.9959767363331
352.2698259636365
358.14954789111624
361.39357648546314
394.96104061603637
442.7595801241164
377.06172540473733
358.07129782018944
453.44543714257156
350.6661451130156
356.2082888627373
316.2414982058517
348.63935811932726
429.2740212578717
401.7262309872173
351.6453201529007
363.8424104097532
390.85146107837147
377.7083822035214
338.9051256751015
373.8652568972069
358.4708161028501
459.5168009943588
357.4144886763995
407.3558838283962
322.0956366756968
349.22064869677945
302.6066532076121
349.3974545875042
388.83236458132245
303.19890262806547
410.111837130661
463.4396887759371
344.16412862641533
339.9338207507608
400.3059357803318
389.2659100203236
403.1786445796954
437.4766151820347
358.028025055539
354.8463121082685
368.54650956266624
436.7060569962552
380.54151048135463
413.96275423117476
403.691528244249
343.3668967106564
428.82676888248125
362.73476959246744
350.80459205313423
334.54054347171393
361.4941526092109
361.84764544544186
311.46988652337495
366.7094680758986
367.7086943854187
365.2330804922449
318.2494103228234
409.94179099906404
437.2558715628857
423.53527482702646
337.26672587992533
401.129258700385
415.66969047306327
459.37230831937694
339.6617404458673
443.57734967897966
408.89724338469
406.85707770106126
424.03976597108397
419.4475056776
328.3571988733229
382.85164475105574
319.0480681693924
374.6989382869177
384.75051586838356
407.33218337592797
412.4605724768434
440.90659609557537
362.03369941514876
361.2552093127611
374.5290283952447
354.49698553126603
440.43180737265607
376.8383265188841
348.03806497977763
430.0901898171521
397.5997785232208
446.88576681437524
435.2160320079868
430.9678325831496
382.1331288044091
367.58741402866985
364.8780745457706
344.1941945893195
389.5574334565387
288.4029624077707
340.08048373479005
380.9159182636296
337.55718339756453
408.77231419806105
329.29456308059116
369.3715164222975
401.86819439977694
373.7726578680731
439.6889411867537
397.3151239086632
422.679720576366
398.4189140068552
460.158239027559
387.1389312688905
331.6838986300144
401.5957509060707
368.5528005999832
308.58964358562673
299.3176495554718
358.31595225189653
403.2451751935378
423.3773889910242
410.02524536449476
382.9242334531224
430.88526236541185
348.2925385686973
386.76583788422374
366.66655038213804
356.52861539541135
415.0089589606859
333.8357235199083
360.3172140252234
362.52806009729704
333.20625695235645
334.7465978857992
346.5113949815007
346.4149851169814
