144772
172942
186946
173538
187354
153940
176322
151024
173678
198846
178230
182360
191972
166876
167684
193288
184290
201336
175200
181300
191018
175042
173948
193924
218094
166778
178812
170572
169402
174956
134300
193272
147468
102294
189828
198084
170916
154460
159964
192044
158054
177966
190120
180622
168070
139408
169170
155204
178314
193846
163726
155666
171382
187808
204162
197354
149680
171612
159150
147478
191760
186892
187422
172190
135592
174598
191980
186536
175458
174024
167180
179946
185598
175830
150472
181928
165418
172446
149026
179308
180236
199850
195936
164740
190556
177982
160180
170208
179200
179250
176362
173764
178882
170538
159016
202878
191156
187424
161570
141680
188256
194048
180792
164288
183318
152840
147644
211724
179080
164360
175856
164654
175664
147454
164352
192202
200448
156766
159022
162498
149360
186878
167632
194622
163294
164730
174592
204594
192862
168516
178184
146606
163120
163424
179578
180166
203378
179350
187662
188112
197930
178582
176202
199336
170872
162362
184054
172148
174420
196060
177346
162746
130896
155838
125410
162240
177168
210660
192960
163234
159166
183554
183560
149946
176032
182944
193240
136048
222150
187122
140246
169230
176000
175736
164808
171058
174302
171632
156630
162350
170872
160350
162490
199264
197280
156350
184056
139418
206170
158690
156788
157340
197230
148778
141874
179790
167080
182474
155654
166080
190138
148622
170300
181234
166946
191478
187288
164686
173784
173500
112594
154242
191072
178660
176204
178740
204820
171428
175930
183570
178202
176926
170312
174236
198510
198518
161868
179300
181140
198420
146254
200106
179640
159200
160356
154964
193094
156842
168512
199218
154272
176412
147512
166234
171354
184318
154972
207728
136048
186972
181800
165008
167700
178724
199634
192442
158754
206280
192080
183536
189610
183986
203978
176862
193088
185640
176418
176710
131906
185432
169030
153810
185784
184006
162340
165498
170812
166026
157966
157480
154342
194092
145494
197874
157452
139604
164696
171742
188652
212892
205340
187140
169488
198762
160386
143734
170966
181384
155270
139916
156380
176814
201204
191798
168222
166048
189310
181272
176526
175942
152198
188282
173408
171496
183838
156100
163526
158158
168920
152036
185570
176160
207368
138518
190890
171292
156424
163692
186412
172462
191416
153612
167620
175468
136360
170344
159022
173804
161542
202610
167788
192588
177962
196510
188096
167212
164600
129170
181768
185010
178438
176832
179298
182028
195058
174480
195260
157402
179202
161368
159594
149816
197656
178656
178058
170872
172118
169354
203808
187860
183410
176932
185118
160340
171462
162534
184202
179158
159398
162948
184444
168162
128638
180198
198714
183044
167636
193958
199074
166124
172372
192408
184912
172410
168352
167502
151504
183970
152076
176534
162416
163858
165812
158478
181934
155478
176780
194234
202098
167012
172700
200364
210442
155522
194024
180146
186966
157424
186684
170102
170908
179068
192002
195328
182036
202798
199910
198100
176484
154206
157160
178144
186656
162928
141464
207700
172086
157260
159654
172214
194972
192820
175576
204966
164976
170134
181864
218224
190060
167550
171808
200642
185816
193736
179290
194004
180566
154480
165044
130518
176674
160812
192964
213712
199936
156680
170916
159572
169562
166408
153086
181294
193658
162974
136324
161006
164904
184296
194454
177130
166290
188312
192270
163718
153250
206770
148964
199086
153886
156778
161654
190442
196304
152410
181080
163112
156360
182104
156400
193256
155684
182522
157852
159992
180520
170940
163116
184912
169926
164502
143632
162750
162068
189418
183098
165726
188386
154160
166828
196528
161722
197654
183928
181658
156936
165500
178036
188954
163132
176354
192246
196978
178278
179164
192792
181458
170110
173784
132236
166990
151860
154726
163758
191002
143018
160486
184584
166870
193350
183504
155002
172828
153320
194680
151176
193810
178798
166682
170590
154058
183618
162210
144778
191922
185404
155044
186456
201568
163254
164958
158770
170258
157252
144918
151846
166796
157488
181550
160244
183248
144404
141248
184916
153418
181264
162510
151870
191310
166590
164228
214432
192566
185742
169506
152942
169646
165328
173040
188738
178382
162656
183788
168182
153118
190172
179226
176290
153416
169314
212820
178292
155810
131122
165356
174516
181216
182298
170844
143476
186404
182532
178050
171300
174086
177506
139666
163038
185828
187842
157260
177118
166416
157038
179772
188678
140472
152918
194682
161310
193434
183782
179366
194454
196866
157250
172780
159756
144338
192764
146172
219464
197462
166964
152340
174938
181408
148264
175380
214326
162972
187306
181626
184194
151930
205626
213024
173100
177310
204548
169616
150348
156218
187432
183404
169932
149584
193706
171604
188980
137052
174012
183614
172694
187222
197706
185120
162312
167940
181734
164900
182928
165764
171918
167576
177192
181742
165504
183584
158916
203654
180728
189884
188220
188226
158648
180352
159282
211302
156904
207296
174720
178180
189070
192840
152050
171168
232986
167562
153774
169664
184648
195544
161588
189092
192344
172970
155464
192752
163144
168722
167564
162656
173574
190758
179094
151978
167702
193976
169982
172328
140926
166202
158692
147494
167276
199822
148288
167822
153168
179124
159806
162906
171900
182428
156402
203086
136154
171880
183098
167606
166136
170170
184166
155726
168716
185468
175932
147102
171278
174942
199968
148896
191258
168072
158066
174570
190662
187254
175714
187550
183808
212442
157438
188164
198792
162894
157970
199110
164700
183110
161046
208408
164594
147296
196326
206224
192800
149268
169092
160366
157186
139138
176572
171730
157248
176142
195252
166594
179694
155656
182828
168596
185220
171384
173838
193490
172800
192426
193332
150162
194480
168064
195050
161218
171862
187160
184978
160540
171988
171210
143518
169370
175560
167044
158220
189382
195882
162764
169712
168024
204924
211780
170140
191712
169672
191446
154146
176702
188806
174796
160396
192150
171444
193004
160660
213004
192296
175518
174080
143280
145200
191246
183948
186860
144888
175794
174882
159440
162654
170110
174624
193248
174794
149160
209658
163896
155080
135456
161226
202046
179858
161854
162510
175940
181882
152728
170174
169204
224764
159746
202220
141564
174656
141074
161644
173028
144718
194674
208002
157586
160274
192354
182246
174482
195488
158094
163646
176354
196918
177310
203228
185406
165310
191734
161582
169852
147610
171402
159392
140346
170172
170892
162086
149936
173596
189064
198288
147116
182970
187072
202828
161334
197756
206832
175184
191452
182324
157256
165776
146782
167182
178442
175776
184684
190778
157532
166892
164188
157742
187008
176760
169466
198346
182048
199780
184800
193756
176326
171268
165960
158794
179582
130576
155682
175166
146342
180650
157938
159446
178604
169132
189630
186570
180658
179966
209718
186416
158978
167696
160766
149096
140352
158284
183842
189406
188954
191022
204902
151550
179578
168572
157204
186388
168638
161388
160346
148556
166192
156390
154534
