1449116
1730966
1871134
1736934
1875298
1540922
1764884
1511698
1738360
1990312
1784026
1825374
1921528
1670272
1678446
1934766
1844522
2015210
1753634
1814748
1912108
1752144
1741112
1941054
2183074
1669410
1789872
1707404
1695628
1751210
1344332
1934554
1476136
1023904
1900074
1982732
1710796
1546050
1601190
1922096
1581872
1781284
1903038
1807856
1682280
1395390
1693228
1553536
1784742
1940280
1638848
1558102
1715464
1879820
2043636
1975376
1498260
1717718
1592944
1476146
1919438
1870600
1876004
1723500
1357190
1747540
1921514
1867008
1756186
1741846
1673460
1801166
1857756
1760050
1506142
1821040
1655812
1726120
1491680
1794742
1804100
2000346
1961206
1648968
1907386
1781404
1603382
1703746
1793704
1794206
1765308
1739252
1790578
1706928
1591696
2030694
1913316
1876088
1617174
1418026
1884298
1942310
1809626
1644408
1834956
1529912
1477828
2119322
1792508
1645224
1760186
1648130
1758354
1475880
1645172
1923746
2006406
1569148
1591688
1626540
1495094
1870444
1677984
1948110
1634526
1648870
1747648
2047848
1930418
1686854
1783646
1467486
1632690
1635768
1797514
1803430
2035724
1795118
1878476
1882854
1981178
1787516
1763654
1995312
1710434
1625130
1842342
1723050
1745792
1962456
1775116
1628894
1310236
1559888
1255372
1623958
1773314
2108530
1931438
1633854
1593058
1837296
1837324
1500794
1761962
1831208
1934228
1361704
2223504
1873002
1403794
1694000
1761700
1759028
1649550
1712336
1744552
1718004
1567860
1624970
1710242
1605056
1626376
1994508
1974814
1564910
1842264
1395556
2063534
1588394
1569384
1574866
1974142
1489176
1420028
1799544
1672448
1826404
1557998
1662358
1903260
1487668
1704662
1813988
1671010
1916634
1874714
1648370
1739458
1736612
1126996
1543846
1912504
1788278
1763752
1788984
2050186
1715882
1761016
1837342
1783622
1770884
1704670
1744084
1986996
1987064
1620156
1794738
1813144
1986136
1463926
2003040
1798174
1593484
1605122
1551040
1932812
1569886
1686686
1993996
1544152
1765630
1476540
1663916
1715176
1844860
1551186
2079276
1361762
1871612
1819670
1651720
1678618
1788878
1998104
1926256
1589176
2064718
1922654
1837076
1897942
1841658
2041736
1770330
1932686
1858074
1765730
1768776
1320330
1855996
1691828
1539612
1859688
1841838
1624902
1656510
1709744
1661830
1581160
1576382
1544894
1942852
1456340
1980620
1576062
1397362
1648434
1719050
1888356
2130976
2055356
1873200
1696456
1989476
1605388
1438708
1711280
1815526
1554084
1400530
1565274
1769800
2014044
1919798
1683846
1662082
1894804
1814452
1766962
1760976
1523380
1884572
1735660
1716512
1840060
1562490
1636882
1583070
1690764
1521888
1857362
1763340
2075568
1386496
1910582
1714498
1565652
1638482
1865874
1726222
1915992
1537568
1677716
1756384
1364850
1705108
1591778
1739632
1616876
2027978
1679408
1927728
1781262
1966854
1882898
1673638
1647464
1292882
1819520
1851808
1786036
1769928
1794580
1822020
1952418
1746326
1954454
1575514
1793686
1615138
1597434
1499472
1978466
1788182
1782350
1710336
1722800
1695124
2040038
1880318
1835802
1771044
1853008
1604882
1716284
1626792
1843748
1793276
1595486
1631078
1846114
1683266
1287604
1803726
1989012
1832132
1678036
1941408
1992536
1662880
1725368
1925924
1850894
1725774
1685178
1676676
1516474
1841394
1522190
1767026
1625808
1640092
1659674
1586354
1820884
1556238
1769518
1944082
2022888
1671674
1728578
2005592
2106332
1556764
1942124
1803180
1871498
1575672
1868698
1702606
1710674
1792398
1921942
1955216
1822082
2029874
2000976
1982832
1766460
1543494
1573112
1783102
1868412
1630916
1415928
2078908
1722504
1574018
1598114
1723854
1951600
1929992
1757504
2051662
1651382
1702902
1820262
2184242
1902332
1677070
1719754
2008336
1859916
1939184
1794588
1941914
1807440
1546148
1651928
1306372
1768400
1609576
1931382
2139212
2001274
1568320
1710700
1597222
1697224
1665576
1532284
1814652
1938502
1631392
1364526
1611606
1650546
1844786
1946430
1772892
1664416
1884850
1924540
1638726
1533932
2069730
1491020
1992840
1540254
1569226
1617998
1906262
1964894
1525466
1812562
1632738
1565104
1822718
1565352
1934376
1558294
1827028
1580056
1601406
1806906
1710994
1632726
1850884
1700870
1646554
1437782
1628986
1622218
1895842
1832722
1658834
1885646
1542976
1669734
1967182
1618756
1978386
1841086
1818312
1570970
1656606
1782014
1891348
1632798
1765284
1924160
1971552
1784394
1793372
1929806
1816298
1702800
1739440
1323598
1671496
1520022
1548622
1639012
1911798
1431600
1606460
1847570
1670266
1935298
1836798
1551488
1729850
1534670
1948668
1513204
1939966
1789742
1668336
1707516
1542076
1837974
1623680
1449154
1920980
1855782
1551872
1866244
2017456
1634010
1651246
1589216
1704106
1573934
1450368
1519846
1669578
1576426
1817160
1603982
1834182
1445464
1413840
1850908
1535688
1814318
1626670
1520086
1914886
1667440
1643910
2146356
1927540
1859142
1696736
1530736
1698080
1654780
1732000
1889232
1785466
1628164
1839576
1683398
1532534
1903512
1793804
1764584
1535680
1694744
2130224
1784700
1559488
1312390
1655156
1746718
1813866
1824656
1710134
1436078
1865686
1827054
1782212
1714674
1742590
1776642
1397976
1631882
1860122
1880252
1574106
1772816
1665744
1571764
1799392
1888506
1406052
1530558
1948616
1614586
1936062
1839570
1795492
1946330
1970478
1573938
1729410
1598930
1444656
1929536
1463150
2196640
1976526
1671264
1524790
1751110
1815770
1484026
1755510
2145278
1631292
1874920
1817928
1843756
1520732
2058118
2132370
1732640
1774844
2047480
1697804
1504930
1563672
1875980
1835752
1700932
1497322
1938828
1717656
1891718
1371742
1741604
1837990
1728508
1873990
1978972
1852904
1624628
1681024
1818992
1650600
1831102
1659354
1720792
1677236
1773650
1819176
1656578
1837600
1590544
2038402
1809002
1900632
1884008
1884046
1588052
1805256
1594320
2115022
1570544
2074848
1748840
1783424
1892592
1930292
1522044
1713266
2332022
1677124
1539252
1698258
1848224
1957276
1617388
1892640
1925320
1731302
1556090
1929448
1632974
1688816
1677228
1628060
1737330
1909442
1792580
1521298
1678576
1941706
1701302
1724828
1410552
1663672
1588436
1476282
1674290
2000200
1484376
1679694
1533156
1792954
1599532
1630602
1720648
1826090
1565480
2032768
1362850
1720438
1832740
1677642
1662858
1703358
1843370
1558734
1688766
1856366
1760838
1472364
1714366
1750994
2001558
1490452
1914428
1682272
1582108
1747370
1908286
1874296
1758790
1877306
1839826
2126360
1575804
1883490
1989738
1630432
1581198
1992952
1648522
1832888
1611930
2085940
1647472
1474346
1965132
2064204
1929784
1494126
1692576
1605226
1573234
1392710
1767358
1718990
1573924
1763078
1954290
1667552
1798618
1558016
1830042
1687542
1853942
1715564
1739956
1936674
1729596
1926088
1935128
1502984
1946704
1682252
1952448
1613672
1720230
1873344
1851574
1606816
1721400
1713638
1436560
1695378
1757316
1672004
1583694
1895648
1960726
1629236
1698718
1681952
2051156
2119800
1702892
1918860
1698282
1916260
1542840
1768760
1889790
1749588
1605516
1923244
1715986
1931872
1608094
2131946
1924752
1756878
1742456
1434168
1453464
1914290
1841216
1870348
1450274
1759586
1750436
1595922
1627960
1702728
1747892
1934280
1749542
1493028
2098592
1640376
1552306
1355840
1613874
2022374
1800250
1620088
1626626
1760986
1820464
1528692
1703346
1693580
2249590
1599004
2024020
1416956
1748220
1412066
1617908
1731808
1448472
1948608
2082092
1577310
1604238
1925302
1824124
1746484
1956752
1582496
1637998
1765258
1971044
1774836
2034174
1855918
1654662
1919192
1617338
1700184
1477464
1715606
1595412
1404748
1703422
1710518
1622412
1500688
1737610
1892342
1984804
1472526
1831450
1872520
2030078
1614826
1979370
2070286
1753466
1916220
1824934
1574166
1659374
1469240
1673450
1786172
1759350
1848550
1909596
1576834
1670642
1643370
1578880
1871850
1769274
1696252
1985266
1822128
1999592
1849660
1939340
1764830
1714234
1661172
1589446
1797466
1306974
1558246
1753378
1464754
1808240
1580826
1596000
1787726
1692838
1898080
1867430
1808354
1801258
2099076
1865902
1591290
1678592
1609226
1492428
1404860
1584296
1840214
1895762
1891346
1912022
2050870
1516986
1797444
1687340
1573502
1865504
1687980
1615470
1605030
1487024
1663452
1565354
1546746
