-80567410
-80617970
-80630264
-80371502
-80226040
-80078364
-80316480
-80468128
-80151418
-80516094
-80426632
-80344700
-80369686
-80425454
-80305880
-80297154
-80615626
-80579262
-80522562
-80474702
-80597200
-80617910
-80221460
-80492254
-80355232
-80483926
-80477430
-80149560
-80558018
-80497494
-80455806
-80188694
-80466734
-80474394
-80245312
-80307756
-80452384
-80322100
-80575776
-80417830
-80398290
-80484508
-79771860
-80489570
-80554932
-80392780
-80131490
-80454722
-80185696
-80336268
-80165840
-80093710
-80455336
-79978508
-80874658
-80199876
-79905412
-80404570
-80341554
-80380762
-80613738
-80654136
-80131754
-80729476
-80499106
-80597156
-80405144
-80379698
-80490712
-80494372
-80574464
-80380574
-80145446
-80179364
-80329706
-80547730
-79984724
-80511834
-80324756
-80297090
-80434322
-80483592
-80267354
-80656508
-80423480
-80488700
-80337890
-80539942
-80590884
-80085238
-80597678
-80450508
-80373600
-80288798
-80517202
-80023514
-80476828
-80333870
-80174890
-80178452
-80477420
-80550398
-80245066
-80414426
-80497628
-80494308
-80526266
-80301740
-80198532
-80271050
-80106170
-80544982
-80288536
-80268334
-80344350
-80612908
-80402652
-80147910
-80332850
-80390730
-80796004
-80186576
-80479532
-80110394
-80207242
-80381694
-80226852
-80537896
-80261826
-80573904
-80502642
-80097894
-80286088
-80619222
-80278326
-80402998
-80289110
-80097192
-80016604
-80368052
-80413444
-80566238
-80125660
-80869720
-80583984
-80384006
-80297514
-80366788
-80512896
-80218298
-80294060
-80534256
-80359584
-80293960
-80737516
-80275850
-80279590
-80533372
-80172244
-80548384
-80362684
-80143184
-80556132
-80404174
-80314788
-80170322
-80468952
-80083646
-80610218
-80599186
-80509886
-80296412
-80688714
-80674474
-80364686
-80543304
-80348996
-80566796
-80503376
-80759538
-80460346
-80103250
-80338714
-80166312
-80447668
-80607626
-80397712
-80239276
-80512822
-80365582
-80522452
-80441498
-80155170
-80402772
-80214626
-80331926
-80342154
-80517328
-80623978
-80342402
-80425360
-80505208
-80462374
-80609532
-79942160
-80475268
-80262620
-79980020
-80266572
-80112134
-80777392
-80212042
-80618702
-80333938
-80638850
-80265558
-80512286
-80394402
-80579984
-80607658
-80379102
-80648908
-80137546
-80234904
-80241412
-80615594
-80597780
-80388648
-80204370
-80400786
-80343554
-80524260
-80536852
-80577474
-80254194
-80139230
-80084464
-80633374
-80629588
-80372202
-80273362
-80514416
-80502000
-80479630
-80532340
-80198748
-79830674
-80333106
-80777412
-80697204
-80507580
-80757560
-80562496
-80451508
-80543224
-80629968
-80478388
-80568004
-80126796
-80336850
-80251534
-80356678
-80740518
-80461364
-80334566
-80431808
-80453096
-80391776
-80362422
-80241922
-80148580
-80738202
-80456248
-80364626
-80339172
-80193274
-80224194
-79982184
-80520194
-80325078
-80467674
-80379828
-80562256
-80365804
-80293668
-80340994
-80492658
-80571752
-80252714
-80611248
-80379736
-80554794
-80288948
-80302310
-80460116
-80405326
-79893828
-80364118
-80485686
-80332866
-80686686
-80116180
-80188480
-80658636
-80358474
-80535434
-80565456
-80563938
-80580190
-80326468
-80452556
-80429860
-80677956
-80198472
-80424790
-80435270
-80450106
-80621166
-80443970
-80358428
-80381708
-80952860
-80556038
-80269550
-80456804
-80632486
-80721928
-80219430
-80438284
-80017742
-80576052
-80360542
-80301742
-80607476
-80236164
-80513232
-80441302
-80439998
-80692090
-80236030
-80252902
-80372788
-80301414
-80780186
-80067676
-80252372
-80376252
-80305810
-80485446
-80651342
-80220070
-80829566
-80407602
-80437730
-80360668
-80370206
-80568068
-80320844
-80622308
-80568700
-80529370
-80501100
-80246642
-80374102
-80092470
-80513300
-80495988
-80421228
-80526274
-80139050
-80424970
-80458326
-80213138
-80317512
-80326630
-80147600
-80508976
-80599346
-80640654
-80275206
-79986042
-80482994
-80679990
-80208438
-80424900
-80641878
-80468446
-80303870
-80689134
-80489100
-80497960
-80551904
-80236676
-80325394
-80387540
-80615032
-80534858
-80500298
-80269404
-80257114
-80374296
-80382266
-80237012
-79988190
-80437802
-80513208
-80825416
-80385452
-80666990
-80518424
-80316142
-80479792
-80419890
-80725906
-80717370
-80292516
-80653708
-80502816
-80189852
-80399418
-80414106
-80209418
-80649432
-80581870
-80309536
-80189752
-80256398
-80614024
-80399536
-80163494
-80602864
-80365282
-80300330
-80407370
-80313418
-80183338
-80070798
-80151950
-80733370
-80155082
-80382026
-80709910
-80495792
-80482404
-80613304
-80359692
-80415028
-80402876
-80135092
-80352380
-80630582
-80590140
-80031694
-80561942
-80436634
-80474914
-80182356
-80358154
-80429902
-80470562
-80735080
-80263550
-80270064
-80658344
-80427232
-80372328
-80589362
-80270434
-80251748
-80367766
-80372082
-80383362
-80238752
-80340216
-80179948
-80408084
-80198924
-80398070
-80137044
-80320634
-80392348
-80284112
-80501282
-80410832
-80740028
-80211928
-80618676
-80430246
-80136520
-80790912
-80594082
-80357100
-80417572
-80456272
-80369622
-80500308
-80463742
-80193596
-80494784
-80297550
-80563378
-80262682
-80291560
-80528894
-80499336
-80602440
-80575672
-80457216
-80434102
-80513676
-80524660
-80688314
-80229704
-80381686
-79967724
-80425132
-80384422
-80474912
-80465296
-80590686
-80430444
-80588566
-80486954
-80343968
-80168832
-80398866
-80351738
-80495120
-80659950
-80559898
-80678620
-80313968
-80678084
-80327236
-80302220
-80194242
-80221410
-80682780
-80235810
-80281864
-80985188
-80174744
-80237782
-80310444
-80234152
-80251444
-80278230
-80673364
-80100274
-80420298
-80651464
-80508808
-80539526
-80272102
-80170428
-80387832
-80194274
-80403842
-80563970
-79811056
-80582768
-80776214
-80524152
-80202294
-80348574
-80423644
-80265402
-80382768
-80410702
-80297668
-80422668
-80372692
-80532726
-80199502
-80091038
-80467520
-80132224
-80184244
-80662844
-80301048
-80252932
-80463822
-80530508
-80530528
-80457458
-80402094
-80748612
-80289526
-80438018
-80308262
-80413706
-80435588
-80572044
-80468424
-80676348
-80346824
-80557368
-80545726
-80469908
-80704068
-80251398
-80391652
-80091806
-80317604
-80643962
-80647226
-80371698
-80538880
-80411382
-80393352
-80320200
-80315392
-80258258
-80692502
-80139684
-80366512
-80522956
-80209366
-80395016
-80533648
-80247578
-80187506
-80356130
-80094442
-80081724
-80478106
-80097704
-80406746
-80481600
-80069316
-80291024
-80438260
-80316666
-80225764
-80369866
-80281252
-80372414
-80408102
-80269254
-80779690
-80575362
-80354180
-80482338
-80504672
-80256822
-80156492
-80150310
-80701814
-80043654
-80231968
-80333358
-80362588
-80209066
-80307248
-80423332
-80628720
-80236170
-80345054
-80350436
-80175662
-80249916
-80618108
-80442414
-80495486
-80602700
-80468218
-80480820
-80163362
-80144216
-80347108
-80381394
-80397802
-80238872
-80782774
-80191316
-80321424
-80184404
-80671054
-80823016
-80481012
-80388210
-80540118
-80372554
-80487116
-80249306
-80267870
-80466722
-80541706
-80294848
-80440972
-80797772
-80149292
-80441952
-80700570
-79969054
-80671684
-80383646
-80434930
-80160526
-80385812
-80197008
-79970912
-80253812
-80382860
-80405126
-80458948
-80248542
-80317862
-80475646
-80251068
-80557158
-80854034
-80273392
-80026944
-80160760
-80341984
-80607288
-80547558
-80300054
-80209972
-80594722
-80140874
-80592926
-80441686
-80160250
-80239344
-80307490
-80320000
-80162152
-80125590
-80581036
-80588054
-80481230
-80401524
-80649266
-80243874
-80530638
-80620376
-80826194
-80362844
-80323368
-80501256
-80637114
-80407802
-80667088
-80414502
-80558848
-80468860
-80532638
-80327382
-80522816
-80265392
-80422850
-80524350
-80385894
-80160408
-80103744
-80334230
-80259928
-80101196
-80528168
-80150368
-80502074
-80260776
-80324990
-80327648
-80738444
-80243702
-80537698
-80596968
-80391292
-80534318
-80104518
-80468938
-80316548
-80204728
-80428354
-80413908
-80375146
-80329004
-80666664
-80416994
-79910030
-80327272
-80557762
-80488148
-80428102
-80385360
-80209692
-80344434
-80291650
-80434536
-80337992
-80683374
-80399252
-80407434
-80154552
-80385870
-80436424
-80360748
-80643880
-80336882
-80585984
-80220262
-80374460
-80336970
-80235990
-80543982
-80217712
-80463808
-80289174
-80447222
-80442860
-80577050
-80667258
-80337434
-80395466
-80307458
-80263004
-80170212
-80451898
-80352848
-80321180
-80645172
-80446876
-80298066
-80403250
-80171506
-80669012
-80654746
-80341264
-80207944
-80721666
-80201244
-80309328
-80579454
-80239950
-80521032
-80265018
-80353478
-80456552
-80328914
-80700720
-80357684
-80499236
-80358920
-80243114
-80549008
-80345612
-80312772
-80305736
-79982298
-80511658
-80658144
-80696340
-80726904
-80417114
-80313666
-80502172
-80128938
-80041136
-80308800
-80112068
-80512542
-80595992
-80043268
-80151910
-80442646
-80398212
-80614774
-80483402
-80203888
-80225292
-80431946
-80421986
-80406196
-80218640
-80155288
-80398428
-80401316
-80346634
-80123438
-80218002
-80257920
-80090498
-80290292
-80192370
-80321232
-80048078
-80279904
-80352132
-80442022
-80559782
-80386946
-80220378
-80586812
-80294738
-80337458
-80558190
-80163480
-80614982
-80399706
-80484746
-80421546
-80419530
-80396126
-80785806
-80508804
-80368146
-80577012
-80179206
-80475556
-80593382
-80406600
-80283358
-80208848
-80598814
-80769074
-80288716
-80477422
-80704102
-80739998
-80632184
-80557688
-80485154
-80359214
-80407264
-80484262
-80558782
-80420710
-80025408
-80234744
-80274276
-80253124
-80360762
-80603388
-80617406
-80137858
-80274450
-80429128
-80233386
-80700192
-80613992
-80359834
-80426054
-80369892
-80342592
-80278716
-80442494
-80320238
-80273466
-80605604
-80201908
-80331780
-80526664
-80494574
-80475716
-80168154
-80403322
-80298938
-80644334
-80761500
-80467522
-80428102
-80534830
-80628302
-80489014
-80281656
-80625072
-80327364
-80517898
-80710086
-80350096
-80201988
-80334786
-80407400
-80669470
-80643358
-80314538
-80239752
-80585514
-80221076
-80540350
-80251422
-80119688
-80370880
-80350662
-80216222
-80334084
-80128962
-80291580
-80208400
-80861958
-80392020
-80183436
-80464880
-80737030
-80441890
-80277180
-80518374
